possibilities
(0), 1, 4, 5, 6, 7, 10, 11, 12, 15, 16, 19, (22)
(0), 1, 4, 5, 6, 7, 10, 12, 15, 16, 19, (22)
(0), 1, 4, 5, 7, 10, 11, 12, 15, 16, 19, (22)
(0), 1, 4, 5, 7, 10, 12, 15, 16, 19, (22)
(0), 1, 4, 6, 7, 10, 11, 12, 15, 16, 19, (22)
(0), 1, 4, 6, 7, 10, 12, 15, 16, 19, (22)
(0), 1, 4, 7, 10, 11, 12, 15, 16, 19, (22)
(0), 1, 4, 7, 10, 12, 15, 16, 19, (22)

8 total possibilities here

0-1: 1 possibility
1-4: 1 possibility
4-5, 4-6, 4-7: 3 possibilities
5-6, 5-7: 2 possibilities
6-7: 1 possibility
7-10: 1 possibility
10-11, 10-12: 2 possibilities
11-12: 1 possibility
12-15: 1 possibility
15-16: 1 possibility
16-19: 1 possibility
19-22: 1 possibility

3, 2, 2
3, 2, 1
3, 1, 2
3, 1, 1
2, 2, 2
2, 2, 1
2, 1, 2
2, 1, 1
1, 2, 2
1, 2, 1
1, 1, 2
1, 1, 1


4-5, 4-6: 2 
5-6, 5-8: 2
6-8: 1
8-11: 1
11-12, 11-14: 2
2*2*2 = 8 / 3 = 2,  8 - 2 = 6 because of 4-5 and 5-6, 5-8 overlap
so should be 6 possibilities

4, 5, 6, 8, 11, 12, 14
4, 5, 6, 8, 11, 14
4, 5, 8, 11, 12, 14
4, 5, 8, 11, 14
4, 6, 8, 11, 12, 14
4, 6, 8, 11, 14











